           1
        1024
           1
   530.04602842757686     
   463.10070264638165     
   410.79854767371836     
   367.37180279634214     
   331.73745409074218     
   301.11185344635254     
   274.82628318891250     
   251.83051931913226     
   231.68306929335259     
   213.81876869269863     
   198.01705145873510     
   183.70192026296607     
   170.83044401822366     
   159.13361823693145     
   148.53056661716951     
   138.87052614134319     
   129.99984270879165     
   122.01610732383102     
   114.58132252205475     
   107.79447084579429     
   101.59231994305745     
   95.799752299675220     
   90.450815397002856     
   85.471194872634499     
   80.817936228315361     
   76.455267316096226     
   72.307434285783913     
   68.445317642119434     
   64.796178208267960     
   61.285231428484806     
   57.984001922056926     
   54.843828087338423     
   534.90497172132643     
   465.82632023502720     
   412.13390523703220     
   369.17530762327459     
   332.74576810763585     
   302.14913326487596     
   275.75529802671275     
   252.78767503693328     
   232.62492252546835     
   214.55682734838433     
   198.47440406780632     
   184.17598400331565     
   171.23015414077383     
   159.53322634585760     
   148.96370665268330     
   139.22865972112274     
   130.41568754869689     
   122.39179610890427     
   114.93442155537961     
   108.20039762279102     
   101.88080978080379     
   96.056361024624479     
   90.661055581495077     
   85.683242860463352     
   80.994627883834525     
   76.608201255748568     
   72.525977162412005     
   68.617543714396163     
   64.964294506732386     
   61.442332584735176     
   58.101512052356654     
   54.991577562388287     
   535.14070121164343     
   467.75546115124899     
   413.66557113555194     
   370.08040080386360     
   333.29278708080238     
   302.74809579496355     
   276.10182473522445     
   253.03706581286426     
   232.64511406054103     
   214.63363514054964     
   198.60860039522686     
   184.34512964330364     
   171.30433736125769     
   159.63933197806213     
   149.03001464270969     
   139.31291378028865     
   130.48481716577473     
   122.41869555068179     
   114.98705717458840     
   108.15932147770138     
   101.91406366662692     
   96.065565219810807     
   90.737687676601254     
   85.726073995806345     
   81.007105481894584     
   76.619923836411417     
   72.520833860937870     
   68.617955825610153     
   64.975451490451775     
   61.484186348099193     
   58.151824445114158     
   55.003798432285890     
   534.03607847419391     
   467.29614068388395     
   414.72182721554447     
   370.47571151549460     
   333.54773500743289     
   302.85877758191936     
   275.96455645755253     
   252.85424198069717     
   232.68556421194967     
   214.63223487429920     
   198.57782347876946     
   184.28968429546239     
   171.27651429812047     
   159.59544389026226     
   148.98464199114042     
   139.35353413007371     
   130.44480584531564     
   122.39066236626556     
   114.95624648498590     
   108.16652358037626     
   101.90286163995516     
   96.048893749264977     
   90.689746685391498     
   85.670421587695444     
   80.996793768462297     
   76.618184721432399     
   72.542078661124592     
   68.636684926169494     
   64.959772182545294     
   61.473069630966577     
   58.166952716360719     
   55.002218798166929     
   535.00159141315419     
   468.31002761666213     
   415.27069289663694     
   371.67989100000625     
   334.79529145059666     
   303.60622397258538     
   276.54422914120033     
   253.45998885425561     
   232.98518346494359     
   215.07741129541975     
   199.02508699706192     
   184.60644767760056     
   171.61151145925061     
   159.94133935538434     
   149.24495564577879     
   139.51494973590135     
   130.68662616148845     
   122.58133565109122     
   115.21113483847047     
   108.35738163213639     
   102.08578035235352     
   96.217504165750242     
   90.830775311970854     
   85.804957391712051     
   81.094149060637065     
   76.714621317050600     
   72.636686214360509     
   68.784072301221187     
   65.085006727440117     
   61.606563574541774     
   58.270386513644183     
   55.096961837132085     
   538.16174319789354     
   470.30740017204721     
   417.02782998702617     
   373.47047295198337     
   336.53489774163523     
   305.35548456259750     
   278.67798584198704     
   255.12146594713829     
   234.50258871682527     
   216.27253228462615     
   200.10098213329715     
   185.50074651776040     
   172.46459134772888     
   160.65627737125916     
   149.91976384740013     
   140.23239563125119     
   131.30955852821253     
   123.10866357336860     
   115.67016719735321     
   108.81927351000543     
   102.48079369567930     
   96.569971802521508     
   91.175575975324861     
   86.137220029497101     
   81.431416194721677     
   77.027720498248328     
   72.887599584970943     
   68.992544626967359     
   65.307928568261744     
   61.802798545937350     
   58.455854587686233     
   55.280911478183789     
   535.70729615190817     
   467.36334631833654     
   414.20589383998521     
   371.66574965833269     
   335.46726451358859     
   304.22809679583190     
   277.62822175246833     
   254.29335555731086     
   233.72053310433091     
   215.56844658722926     
   199.43712979681843     
   184.93571771476076     
   172.00318791360445     
   160.36888038932605     
   149.60282884161089     
   139.85952790889968     
   131.01874291075950     
   122.90327739367189     
   115.45478967371815     
   108.56450687026184     
   102.25569561714268     
   96.401809546928675     
   90.961058628622510     
   85.911766330653037     
   81.208174847506044     
   76.780731381641175     
   72.642271510954316     
   68.685781042408806     
   64.962909842370664     
   61.386996738506170     
   57.974660055416976     
   54.660449683155562     
   533.56669668902407     
   464.97600914150200     
   412.81330816593828     
   369.77438674757997     
   334.15216715853353     
   303.54140772567376     
   276.83235983851620     
   253.64023618282968     
   233.33134895950647     
   215.21730254087035     
   199.12753967305818     
   184.71476562970872     
   171.75046295689378     
   160.12414940369266     
   149.36253705767450     
   139.69718148437349     
   130.73139921569572     
   122.47030879044105     
   114.84987719224675     
   107.86771251106657     
   101.37870480189858     
   95.354637513581892     
   89.673221406035637     
   84.310637994765102     
   79.272794882779863     
   74.527846586104062     
   69.994420420239962     
   65.622981084373407     
   61.430090488944735     
   57.348827059733281     
   53.459099239598196     
   49.713646487553333     
   538.55960805479310     
   467.61761447538618     
   414.58117081052410     
   371.36833874338106     
   335.17615003938596     
   304.40578494475511     
   277.63882596891699     
   253.98159952857995     
   233.08121569437878     
   214.39531576028304     
   197.66691989073055     
   182.16500639383293     
   168.07043160832177     
   155.11999814515116     
   143.02521101256625     
   132.00178502248755     
   121.65962093851314     
   112.03503379782657     
   102.96416512577593     
   94.678957123080636     
   86.984862071674712     
   80.080116175386124     
   73.822040602720463     
   68.171864218290850     
   63.043830345023466     
   58.489764989670689     
   54.320009494109634     
   50.485948250749914     
   46.875877393993562     
   43.651249455008603     
   40.566541103168944     
   37.534914443447164     
   536.90881449767767     
   453.34616303297992     
   390.11503441231605     
   338.43328971163368     
   295.23058775042296     
   257.11724403131461     
   224.86708239923848     
   197.51397051035778     
   174.81522710880864     
   156.19990744725402     
   140.50105837812129     
   127.25560550047939     
   116.02404421631772     
   106.59833483780933     
   97.640967326433795     
   90.227484750880592     
   83.838049739240503     
   78.142458194402622     
   72.062392053327258     
   67.109750344590125     
   61.771752187406364     
   57.406389728056155     
   52.976531704933556     
   49.163855202217405     
   45.457503128101933     
   42.126381159101392     
   39.222726686886908     
   36.385107592221090     
   33.631107146037223     
   31.637739464244149     
   29.349423077959418     
   26.967840542435166     
   397.23995371424678     
   248.57514329513489     
   206.55007049218869     
   178.50231483950768     
   159.29614364691807     
   142.55058059252354     
   130.60833702058321     
   119.05407496965519     
   108.43063265295763     
   99.478044526026892     
   91.000748691125480     
   84.100490288728636     
   77.488871430839055     
   72.232121313775593     
   66.533314091973210     
   61.168612991865977     
   56.623770777252282     
   52.749917083379017     
   48.957496858393917     
   45.278313019519580     
   42.044212621876319     
   38.825679697537680     
   35.866496378492222     
   33.499557518418683     
   30.676172370269331     
   28.989266645512796     
   26.954402259671099     
   25.230187887803812     
   23.278958154908356     
   21.887304180646041     
   20.552859613776018     
   18.931596166182334     
   265.48346224400876     
   158.21830427272278     
   133.29604247134756     
   118.30441101063897     
   105.87343390356379     
   95.590062677970252     
   88.527964158154546     
   80.727176671367815     
   74.243731970901237     
   69.313635120759983     
   63.411122986869870     
   58.449746998999821     
   54.071031990964222     
   50.396108700687357     
   45.880662562488439     
   43.076972506592497     
   40.427279540537171     
   37.551843575442732     
   35.121386161292506     
   32.427886219443785     
   30.507993226491358     
   28.405896657232706     
   26.256808417531460     
   24.507661244213629     
   22.735179283605959     
   21.544637701989110     
   20.092789606470980     
   19.027208365436966     
   17.819493450433253     
   16.434129785381373     
   15.375379910515550     
   14.375571172643081     
   246.37597728552549     
   132.34101675071508     
   101.60929767968690     
   89.033900383334881     
   78.879668731730746     
   71.136322792041085     
   67.046697374530737     
   61.024285376550054     
   55.115645129873357     
   50.992765820465216     
   47.279150143837562     
   43.586573160977103     
   41.068643298622710     
   37.980831383601355     
   34.957807544974649     
   32.708552812705740     
   31.155538173060453     
   29.499706098006612     
   27.540632698258403     
   25.547838523752016     
   24.171278655484802     
   22.683998162591880     
   21.352642836873581     
   20.176199661816199     
   18.943040521103384     
   17.868190034920577     
   16.822120651269675     
   15.893712776331421     
   15.071162376534719     
   14.019436021437622     
   12.971325426216220     
   12.069147151951295     
   250.61514043409770     
   129.30316648053901     
   90.791077470060955     
   72.821448839721910     
   67.818464498259928     
   61.223108541064050     
   57.159053585301365     
   52.677074386747790     
   47.219845315020912     
   42.546833621235876     
   39.931222521388939     
   37.009355073260735     
   34.398730020338959     
   31.951863992545878     
   29.133625677667183     
   27.658274793525813     
   25.960495401129801     
   25.103287031879798     
   23.368354977880220     
   21.702731697352725     
   19.956055446225839     
   19.376923333659413     
   18.076767538639334     
   17.138135480162372     
   16.484560923965152     
   15.506347220019384     
   14.560714177170803     
   14.061636423102842     
   13.176409919156171     
   12.381953538180424     
   11.673018905950226     
   10.915115891309707     
   260.89387111081430     
   131.48648727984275     
   87.145442887995372     
   73.809158549288384     
   66.219312818166998     
   61.228687781964808     
   46.821772869873030     
   45.510350095222520     
   42.605196627420895     
   40.140448991689837     
   36.672800779175056     
   32.263634059610837     
   31.078836706902838     
   28.187588649701372     
   25.729903972793675     
   24.748907650949057     
   23.246155707058978     
   22.474100624001657     
   20.598146032704165     
   19.395561639802459     
   18.238430093704547     
   16.878934950605810     
   16.074728661750793     
   15.400002219166417     
   14.677063269257799     
   13.792897288197693     
   13.242148283614464     
   12.576749097470751     
   11.942649043789491     
   11.380972151077998     
   10.709168447995632     
   9.8978429088136917     
   267.39901009064585     
   122.86873827074460     
   86.967110350732511     
   78.326810532658627     
   74.215532427655873     
   58.486629824634647     
   48.760208800449846     
   42.703796886527996     
   38.986746489178572     
   38.261033194169052     
   36.159135762960354     
   30.594096347493807     
   28.987272644485184     
   27.282183396113101     
   23.359731583130184     
   23.453102372487169     
   21.983786737918159     
   20.740155951117210     
   19.381023389663579     
   17.929907472066660     
   17.212467503183092     
   15.949628177642865     
   15.159933441372704     
   14.546594150003374     
   13.699707514713534     
   12.896120430375209     
   12.539584693696618     
   11.932824430321519     
   11.254374143112672     
   10.779158934714337     
   10.091777352865655     
   9.3003583987448941     
   254.81270570632040     
   121.11749866211761     
   79.190224540006170     
   78.272964037868121     
   70.932114567600593     
   61.689353267846286     
   49.586727735014776     
   45.533937558212742     
   39.085664914700601     
   37.108681663380800     
   34.782101153190048     
   30.054875510445999     
   28.634666973465219     
   27.350817409140316     
   23.096514017963973     
   23.528889761768763     
   22.146580004257167     
   20.597354000631849     
   19.416209040678286     
   17.899764044764545     
   17.263100865611364     
   15.860643795823464     
   15.013434277090910     
   14.238482438205263     
   13.733243438564720     
   13.057581718318634     
   12.481706509718139     
   12.034158345238616     
   11.237014332309535     
   10.637351609436678     
   10.154991464177080     
   9.2134919130406221     
   259.36138541810448     
   106.66676363413765     
   82.192788465360778     
   69.583394136147589     
   65.877434340156682     
   64.927858831586335     
   51.196062251456432     
   48.031524416639478     
   43.414391926864809     
   38.995863793601835     
   35.200411710505698     
   32.382079303045934     
   30.694960913091752     
   27.304915029453340     
   25.484553818364681     
   24.318137841421471     
   23.386933255707653     
   21.735837921215971     
   20.513685085899947     
   19.054300556872043     
   18.337518734196443     
   16.945224523887177     
   16.284419933003914     
   14.908633531397685     
   14.645899755848633     
   13.768224470437566     
   13.258309732533769     
   12.571570647594642     
   11.995847224037005     
   11.196110798911546     
   10.594232774581579     
   9.9228669238579386     
   252.87872232166055     
   112.62011915521410     
   83.087649827801542     
   74.861131328549760     
   70.696870624032272     
   65.161481892111325     
   55.591566334098331     
   51.729314139232059     
   48.150591980517603     
   43.831355806752953     
   39.217054322930281     
   36.535590149966396     
   33.545487090333268     
   30.513557925704546     
   29.080406577908132     
   27.379668877408328     
   26.081674675274499     
   23.947233335586890     
   23.145538004958969     
   21.778310887397019     
   20.421143878635128     
   19.206188072730381     
   17.938119705596066     
   16.881171188888842     
   16.365978167465070     
   15.238047728256520     
   14.803699958341165     
   13.806729217220251     
   13.217980542010118     
   12.425851354599637     
   11.613929116832754     
   10.653788195227918     
   244.20458045889663     
   130.06495040027028     
   101.69076278602299     
   87.676577517487004     
   79.657865652306867     
   74.357271748379503     
   66.037355829931087     
   59.374603232832463     
   54.303627736902463     
   51.970031771063326     
   47.360553912231893     
   43.224776294339058     
   40.280725263902610     
   37.532558024578414     
   35.083690597941434     
   33.143732229069485     
   31.044078864029185     
   28.965170703390342     
   27.357272509614919     
   25.414867711372619     
   24.113811936817218     
   22.698956049550812     
   21.441547093757734     
   19.871351270353404     
   19.068146758242044     
   17.496391624475716     
   17.044051330820814     
   15.908895169640902     
   15.146266728134588     
   13.881817877239033     
   13.030825292104238     
   12.089249441353093     
   265.05198830997642     
   158.37284630468525     
   132.12190473402626     
   116.97461698614912     
   105.23203491096190     
   97.641465291163058     
   89.626823132865880     
   81.550385978957337     
   73.968145536826739     
   68.307721461239751     
   63.064578784522972     
   57.994248218847950     
   53.849963452377615     
   49.734301859989451     
   46.365987861858059     
   43.252635584553978     
   39.858719839475178     
   37.428895895062873     
   34.974667161894978     
   32.301561229240207     
   30.177587628824750     
   28.156376928512703     
   26.330896594656153     
   24.586055709583416     
   23.270776007643452     
   21.626178324837209     
   20.161806136115718     
   18.430791468676230     
   17.690998374051567     
   16.725147131724984     
   15.365438831154870     
   14.465252097421613     
   396.35020234823560     
   249.26019164976520     
   204.99060607087790     
   178.44663659316922     
   159.66612497321887     
   144.42314652570741     
   130.93258761374605     
   119.06138374941624     
   108.58681061421349     
   99.028545374391456     
   90.969040886008756     
   83.771052094239195     
   77.391413543020974     
   71.783048944878914     
   66.095924733947157     
   61.375393912520053     
   56.844466264499871     
   53.028270119897094     
   49.026647058638233     
   45.454098047630843     
   41.946196414670268     
   38.683075297102093     
   36.222197150408135     
   33.431209126259994     
   31.178188019979093     
   28.899781950764616     
   26.866025006500067     
   25.086854807137581     
   23.774533722443579     
   21.958334227396779     
   20.463184908601097     
   19.263418262486912     
   539.22073539826033     
   454.00760846721789     
   391.58858208266309     
   339.69449082567650     
   295.87787189925001     
   257.72375616994560     
   224.49556143920884     
   196.90279414186654     
   174.16321485086945     
   154.68864622636525     
   139.81620718805232     
   126.90048096437314     
   115.52148402580033     
   105.94424896447633     
   97.613384738255633     
   90.412129070402301     
   83.798944301844386     
   77.503082012381199     
   71.739293476237506     
   66.737216313119376     
   61.814303924655150     
   57.481950442061937     
   53.206726597620836     
   49.273530626961509     
   45.477094029882096     
   42.350866457289179     
   39.051914167400113     
   36.561561888400966     
   33.888864454401805     
   31.400448689796569     
   29.157147726658824     
   26.608364761784149     
   539.80558056680820     
   468.49557306932871     
   415.23034590728247     
   372.37270587089984     
   335.95589142780369     
   304.36422180761792     
   277.51294822519856     
   253.70031451516192     
   232.80881288015215     
   214.23466566287948     
   197.39414671323587     
   182.13230366933246     
   168.33595536192888     
   155.57418773564800     
   143.73277602946197     
   132.56206424953896     
   121.97893678372579     
   112.23235264465472     
   103.30963230619017     
   94.743498347502836     
   87.246278064742725     
   80.353384356925972     
   73.905863715088827     
   68.232257850086199     
   63.108642743499999     
   58.448555941394737     
   54.310605314751008     
   50.520122758336768     
   46.953273492963177     
   43.592246848205114     
   40.648981124245331     
   37.661052143881449     
   535.54937220855618     
   466.38782878016235     
   414.21622595603054     
   371.05418693407790     
   334.55003700232135     
   303.85819048854739     
   277.41254071789035     
   254.07746120185752     
   233.71933929868544     
   215.53021689923531     
   199.39841394633083     
   184.96896294927379     
   171.91923502419610     
   160.11500662307765     
   149.37634116452875     
   139.72960857534019     
   130.80108292787310     
   122.54834440799502     
   114.92862285771371     
   107.87988025617409     
   101.44505902521597     
   95.461136773407517     
   89.743441369563584     
   84.391734590886841     
   79.405075695990490     
   74.659424450632486     
   70.058987744371848     
   65.696287633912448     
   61.489501929895965     
   57.368823805154420     
   53.498304725925273     
   49.691755949798619     
   534.42553848023033     
   467.65749655853409     
   413.94931390956674     
   371.07344801065341     
   335.25574585900898     
   304.28087218662762     
   277.48994236257244     
   254.12502397901724     
   233.67128726567879     
   215.51758547199313     
   199.28936654719016     
   184.86190012654322     
   171.93005203139268     
   160.15850720743808     
   149.54319868192982     
   139.77476267860698     
   130.88814886952579     
   122.81698053370738     
   115.32625354376725     
   108.49394939438622     
   102.15524259458161     
   96.329403756672548     
   90.924083582168748     
   85.858175828422887     
   81.147480743631505     
   76.736045657419425     
   72.567033003506765     
   68.611302681149027     
   64.901398319175414     
   61.347495333632523     
   57.959992293072965     
   54.659225142388038     
   533.89185686896496     
   467.14607664732921     
   414.19320348132288     
   371.08991577674885     
   334.70797239803443     
   303.60995425502364     
   276.81919541555015     
   253.44670906083437     
   233.05536539184905     
   215.09890089168229     
   199.03766122968909     
   184.59122696013515     
   171.65038085957457     
   160.01267692612845     
   149.34168524465488     
   139.68361036051232     
   130.82861193964246     
   122.76523175162832     
   115.34514975561429     
   108.43585159289789     
   102.16161301549812     
   96.316772280170483     
   90.961072137849925     
   85.915007785054925     
   81.200185472910022     
   76.805933948336360     
   72.678282141787818     
   68.762399629478381     
   65.074380188851151     
   61.586494693402187     
   58.231912502042078     
   55.065566930484131     
   531.90874009027175     
   464.96901034273480     
   413.06456105316289     
   370.00821687883638     
   333.18776155753346     
   302.20219292898582     
   275.86350185414051     
   252.93639787080832     
   232.57402307239002     
   214.56956910515416     
   198.48103990985467     
   184.07879982786355     
   171.13451883583471     
   159.44484593247495     
   148.84603161524458     
   139.17423137206242     
   130.35159218172436     
   122.26434087284804     
   114.86261748186655     
   108.04770513180614     
   101.80183396339950     
   95.946042744753456     
   90.588303228058294     
   85.595846198493845     
   80.924732460339115     
   76.580424335614168     
   72.471944598982247     
   68.556289749994448     
   64.916317939475903     
   61.406454762257241     
   58.097223578722250     
   54.935735823972522     
   533.02559189772012     
   466.72896080703345     
   414.15949472543997     
   370.52529949872593     
   333.66175109182547     
   302.50055374322301     
   275.89488278286166     
   252.69063914876497     
   232.48943880061006     
   214.46942159070090     
   198.53277934465393     
   184.21526796667854     
   171.29926273586545     
   159.59999942817495     
   148.93706343619664     
   139.30584312008867     
   130.44068271057876     
   122.32775100994569     
   114.93852283523785     
   108.10106009914388     
   101.82079310271482     
   96.007302588355216     
   90.615328223395181     
   85.656996616500834     
   80.976739475194279     
   76.636207728700057     
   72.502971854789266     
   68.608690822926562     
   64.967534493787639     
   61.461183092308048     
   58.150038547279429     
   54.971712245436642     
   533.72605014067165     
   466.62352003937247     
   412.52977361753778     
   368.66363583744231     
   332.67354354447286     
   301.88021140544993     
   275.41904262466454     
   252.43780918715689     
   232.22395794038977     
   214.34854260339873     
   198.37581170838021     
   183.95566300059903     
   171.10191549344270     
   159.51102355191665     
   148.90109849915183     
   139.22181839095461     
   130.37451699519156     
   122.24176634789117     
   114.83858958225962     
   108.04423804106213     
   101.75751276304310     
   95.936489312668286     
   90.594447588575079     
   85.564981539218493     
   80.897053204138871     
   76.563816063298418     
   72.429150839841157     
   68.532202687084137     
   64.877226716103195     
   61.388979945892913     
   58.091269560773895     
   54.917846879678329     
   533.13908893560711     
   464.89874527911888     
   411.42183571372567     
   368.50255092688082     
   332.14993204590684     
   301.67467106173837     
   275.18586449751808     
   252.26525344639199     
   232.03968582906077     
   214.18372603825125     
   198.29777657885455     
   183.96702481320600     
   170.99572179530227     
   159.32899069010730     
   148.74618274037357     
   139.02410565380140     
   130.24412354566502     
   122.11242167078700     
   114.72406065006844     
   107.96721893025406     
   101.72028565183732     
   95.900388963736262     
   90.555705721680127     
   85.540641221883661     
   80.874536656092872     
   76.513808565695797     
   72.395147020262598     
   68.506810333526758     
   64.848699108822359     
   61.337186409509485     
   58.042752266743591     
   54.883186438767254     
   532.38577246660464     
   464.71131970976023     
   412.22395238994017     
   368.76373978451284     
   332.87330364489731     
   302.10000328585596     
   275.67334070620433     
   252.56435905279321     
   232.36440862568534     
   214.38907659383253     
   198.43148750734167     
   184.05104507520244     
   171.14880311433066     
   159.41951657250752     
   148.73261617607827     
   139.06241867457842     
   130.28240357824671     
   122.24334944654524     
   114.81841846397458     
   107.99721586352027     
   101.78823992721486     
   96.009530216322801     
   90.612086207282914     
   85.596211628383060     
   80.893239168242658     
   76.542393401945006     
   72.440396944493315     
   68.533621544132089     
   64.893771631181892     
   61.408599277006282     
   58.079528943230976     
   54.924487995302492     
